p,15.72,7.35,0.00,0.00,1,9.50
p,15.72,7.03,0.00,-2.37,1,9.50
p,15.72,6.12,0.00,-4.75,1,9.50
p,16.06,4.90,3.84,-3.93,1,9.50
p,17.22,3.64,5.47,-4.72,1,9.50
p,19.12,2.87,9.13,-1.32,0,32.00
p,21.39,3.09,7.98,3.91,0,9.50
p,22.78,4.45,5.04,4.79,1,9.50
p,23.96,5.41,4.68,2.80,1,9.50
p,25.13,5.79,4.68,0.42,0,32.00
p,26.30,5.73,4.76,-0.16,0,32.00
p,27.58,5.53,5.68,-1.38,0,32.00
p,29.34,4.61,7.45,-5.50,1,9.50
p,31.44,3.34,9.22,-4.51,1,9.50
p,33.97,2.60,10.57,-2.13,1,9.50
p,37.18,2.41,16.50,-0.02,1,9.50
p,41.29,3.28,15.61,5.57,1,9.50
p,44.82,5.01,14.04,5.99,1,9.50
p,47.87,6.92,11.21,7.95,1,9.50
p,50.63,8.64,11.07,5.76,1,9.50
p,53.40,9.76,11.07,3.39,1,9.50
p,56.17,10.29,11.07,1.01,1,9.50
p,58.94,10.23,11.07,-1.36,1,9.50
p,61.89,9.28,11.07,-6.89,0,32.00
p,64.84,6.23,11.07,-15.43,0,32.00
p,68.68,4.16,18.02,-3.83,0,32.00
p,73.40,3.40,19.44,-1.76,1,9.50
p,78.61,3.17,23.85,0.07,1,9.50
p,84.86,3.81,23.20,2.79,1,9.50
p,90.64,4.30,22.91,2.69,1,9.50
p,96.75,4.66,22.91,0.15,1,9.50
p,102.48,4.38,22.91,-2.22,1,9.50
p,108.21,3.51,22.91,-4.60,1,9.50
p,114.00,2.14,25.60,0.70,1,9.50
p,120.23,3.05,24.82,6.30,1,9.50
p,125.87,5.55,16.39,15.94,1,9.50
p,129.91,9.25,16.20,13.77,1,9.50
p,133.96,12.37,16.20,11.02,0,32.00
p,138.00,14.06,16.20,3.02,0,32.00
p,142.32,13.65,16.20,-5.51,0,32.00
p,146.38,11.20,16.20,-13.53,0,32.00
p,150.42,6.83,16.20,-20.01,1,9.50
p,154.65,3.44,18.09,-1.42,1,9.50
p,159.79,3.29,22.44,0.69,1,9.50
p,165.36,3.80,22.04,2.39,1,9.50
p,171.15,4.49,21.62,2.34,1,9.50
p,176.56,4.76,21.62,-0.04,1,9.50
p,181.97,4.43,21.62,-2.41,1,9.50
p,187.37,3.51,21.62,-4.79,1,9.50
p,192.79,2.22,22.57,-0.83,1,9.50
p,198.88,2.86,24.11,5.62,1,9.50
p,204.54,4.98,19.34,13.57,1,9.50
p,208.00,9.33,12.10,17.70,1,9.50
p,211.03,13.44,12.10,15.32,1,9.50
p,213.73,17.11,7.61,15.18,1,9.50
p,215.76,20.80,7.61,12.65,1,9.50
p,217.79,23.82,7.61,10.11,1,9.50
p,218.53,25.07,-1.68,0.01,1,9.50
p,218.09,24.71,-1.68,-2.52,1,9.50
p,217.66,23.76,-1.68,-4.90,1,9.50
p,217.22,22.10,-1.68,-7.43,1,9.50
p,216.80,19.93,-1.68,-9.80,1,9.50
p,217.23,17.85,15.00,-1.11,1,9.50
p,220.98,17.26,15.00,-3.48,1,9.50
p,224.80,17.01,15.36,-0.67,1,9.50
p,228.65,16.84,15.47,-0.78,1,9.50
p,232.53,16.57,15.56,-1.66,1,9.50
p,236.71,16.07,15.73,-2.49,1,9.50
p,240.67,15.26,15.96,-3.77,1,9.50
p,244.73,13.97,17.02,-5.21,0,32.00
p,249.27,11.37,17.02,-13.74,0,32.00
p,253.52,6.87,17.02,-21.74,1,9.50
p,259.53,2.62,26.53,-8.58,1,9.50
p,263.95,5.19,12.77,15.66,1,9.50
p,267.15,8.79,12.77,13.28,1,9.50
p,270.34,11.39,12.77,7.15,1,9.50
p,273.53,12.86,12.77,4.78,1,9.50
p,276.72,13.74,12.77,2.40,1,9.50
p,279.92,14.02,12.77,0.03,1,9.50
p,283.12,13.71,12.77,-2.35,0,32.00
p,286.52,11.88,12.77,-10.86,0,32.00
p,289.71,8.14,12.77,-17.73,1,9.50
p,293.82,4.86,18.62,-4.86,1,9.50
p,298.60,3.95,19.43,-2.46,1,9.50
p,303.62,3.60,23.25,-0.59,1,9.50
p,309.49,3.94,21.56,6.83,1,9.50
p,314.89,5.34,21.56,4.45,1,9.50
p,320.63,6.16,21.56,1.92,1,9.50
p,326.02,6.32,21.56,-0.46,1,9.50
p,331.76,5.84,21.56,-2.99,1,9.50
p,337.16,4.78,21.56,-5.37,1,9.50
p,342.55,3.12,21.56,-7.74,1,9.50
p,347.68,3.96,18.16,6.10,1,9.50
p,351.80,5.75,13.99,9.58,1,9.50
p,354.79,8.36,11.63,9.70,1,9.50
p,357.70,10.47,11.63,7.32,1,9.50
p,360.61,11.99,11.63,4.95,1,9.50
p,363.52,12.91,11.63,2.57,1,9.50
p,366.43,13.23,11.63,0.20,1,9.50
p,369.34,12.97,11.63,-2.18,1,9.50
p,372.44,12.03,11.63,-4.71,1,9.50
p,375.35,10.53,11.63,-7.09,1,9.50
p,378.45,7.80,11.63,-14.12,0,32.00
p,381.37,3.65,12.72,0.18,1,9.50
p,385.35,3.54,18.40,0.05,1,9.50
p,389.95,3.75,18.40,1.30,1,9.50
p,394.52,4.34,18.08,3.04,1,9.50
p,399.03,4.84,18.04,0.86,1,9.50
p,403.55,4.74,18.04,-1.51,1,9.50
p,408.36,3.97,18.04,-4.05,1,9.50
p,412.92,2.98,18.61,-2.44,1,9.50
p,417.62,2.55,18.95,-0.72,1,9.50
p,422.95,2.68,23.20,3.92,1,9.50
p,428.95,4.21,21.44,7.96,1,9.50
p,433.07,7.64,11.69,17.24,1,9.50
p,435.89,12.06,10.37,15.52,1,9.50
p,438.65,15.84,10.37,12.99,1,9.50
p,441.25,18.77,10.37,10.61,1,9.50
p,444.01,21.25,10.37,8.08,1,9.50
p,446.61,22.72,10.37,2.70,0,32.00
p,448.59,21.76,5.55,-9.20,1,9.50
p,450.07,18.95,5.55,-11.73,1,9.50
p,451.62,17.05,6.15,-0.56,1,9.50
p,453.17,16.99,6.22,-0.42,1,9.50
p,454.74,16.89,6.33,-0.32,1,9.50
p,456.45,16.81,6.46,-0.33,1,9.50
p,458.19,16.69,6.61,-0.43,1,9.50
p,459.87,16.55,6.80,-0.60,1,9.50
p,461.59,16.37,7.02,-0.83,1,9.50
p,463.50,16.12,7.21,-1.51,1,9.50
p,465.36,15.79,7.54,-1.82,1,9.50
p,467.32,15.37,7.96,-2.12,1,9.50
p,469.38,14.79,8.43,-2.75,1,9.50
p,471.70,13.89,8.86,-4.07,1,9.50
p,473.97,12.68,9.22,-5.66,1,9.50
p,476.28,10.95,9.22,-8.04,1,9.50
p,478.68,8.74,10.21,-9.31,1,9.50
p,481.86,5.82,14.06,-12.51,0,32.00
p,486.28,2.76,19.47,-6.45,1,9.50
p,490.22,4.07,10.01,12.63,1,9.50
p,492.85,7.11,9.85,10.22,1,9.50
p,495.32,9.35,9.85,7.84,1,9.50
p,497.78,10.99,9.85,5.47,1,9.50
p,500.24,12.04,9.85,3.09,1,9.50
p,502.87,12.51,9.85,0.56,1,9.50
p,505.33,12.27,9.85,-3.32,0,32.00
p,507.80,10.37,9.85,-11.32,1,9.50
p,510.42,7.00,9.85,-13.85,1,9.50
p,513.58,4.98,14.32,-4.65,1,9.50
p,517.31,4.15,15.31,-2.56,1,9.50
p,521.43,3.70,15.44,-2.62,1,9.50
p,526.07,3.59,20.56,0.06,1,9.50
p,531.05,4.31,19.68,2.84,1,9.50
p,535.97,4.70,19.68,0.46,1,9.50
p,540.89,4.79,19.68,-0.35,1,9.50
p,545.81,4.38,19.68,-2.72,1,9.50
p,550.73,3.38,19.68,-5.10,1,9.50
p,555.78,2.80,20.37,1.92,1,9.50
p,561.46,2.95,24.61,-0.61,1,9.50
p,567.40,3.65,22.93,5.82,1,9.50
p,572.79,6.39,16.14,15.20,1,9.50
p,576.75,9.95,15.85,13.12,1,9.50
p,580.71,12.92,15.85,10.75,1,9.50
p,584.67,14.80,15.85,3.87,0,32.00
p,588.64,14.70,15.85,-4.13,0,32.00
p,592.86,12.39,15.85,-12.66,0,32.00
p,596.83,8.16,15.85,-20.66,0,32.00
p,601.20,3.40,18.07,-0.93,1,9.50
p,606.47,3.31,22.36,0.69,1,9.50
p,612.05,3.73,22.36,2.55,1,9.50
p,617.93,4.60,21.99,2.36,1,9.50
p,623.43,4.87,21.99,-0.01,1,9.50
p,628.93,4.55,21.99,-2.39,1,9.50
p,634.79,3.55,21.99,-4.92,1,9.50
p,640.40,2.25,25.42,0.54,1,9.50
p,646.63,3.28,24.71,6.57,1,9.50
p,651.95,6.26,14.98,18.55,1,9.50
p,655.20,10.93,12.68,17.78,1,9.50
p,658.58,15.31,12.68,15.25,1,9.50
p,661.75,18.80,12.68,12.50,0,32.00
p,664.92,20.86,12.68,4.50,0,9.50
p,668.30,20.95,12.68,-3.66,0,32.00
p,671.68,18.99,12.68,-9.19,1,9.50
p,674.88,16.91,13.16,-0.35,1,9.50
p,678.18,16.70,13.27,-0.87,1,9.50
p,681.74,16.38,13.40,-1.81,1,9.50
p,685.12,15.88,13.68,-2.15,1,9.50
p,688.79,15.04,13.83,-3.97,1,9.50
p,692.25,13.74,13.83,-6.34,1,9.50
p,695.93,11.68,13.83,-8.88,1,9.50
p,699.62,8.96,13.83,-11.41,1,9.50
p,703.08,5.79,13.83,-13.78,1,9.50
p,707.15,2.52,18.57,-6.34,1,9.50
p,710.63,4.36,9.45,11.68,1,9.50
p,712.94,7.00,9.25,9.46,1,9.50
p,715.26,9.05,9.25,7.09,1,9.50
p,717.57,10.51,9.25,4.71,1,9.50
p,719.88,11.37,9.25,2.34,1,9.50
p,722.20,11.64,9.25,-0.04,1,9.50
p,724.51,11.31,9.25,-2.41,1,9.50
p,726.84,10.46,9.83,-2.26,0,32.00
p,729.46,8.65,9.83,-10.80,0,32.00
p,732.01,5.12,14.91,-5.48,0,32.00
p,736.41,3.77,17.99,-3.25,0,32.00
p,741.10,3.02,19.37,-2.49,0,32.00
p,746.07,2.63,20.06,-0.62,0,32.00
p,751.45,2.47,19.89,2.48,1,9.50
p,756.75,2.77,19.89,-0.05,1,9.50
p,761.89,3.39,18.01,6.29,1,9.50
p,766.32,4.88,17.30,5.91,1,9.50
p,770.50,6.97,13.49,10.31,1,9.50
