p,11.82,7.80,0.00,0.00,1,9.50
p,11.82,7.44,0.00,-2.54,1,9.50
p,11.82,6.39,0.00,-6.79,0,32.00
p,12.94,5.18,7.11,-3.47,0,32.00
p,15.27,4.71,9.43,0.03,0,9.50
p,17.73,5.03,8.70,1.97,0,32.00
p,19.97,5.26,8.23,0.56,1,9.50
p,22.17,5.05,8.23,-1.97,1,9.50
p,24.36,4.12,8.23,-5.63,0,32.00
p,27.14,2.69,12.95,-2.44,0,32.00
p,30.23,3.28,9.78,7.46,0,9.50
p,32.04,5.03,6.72,3.91,0,32.00
p,33.59,5.62,5.17,1.73,1,9.50
p,34.88,5.73,5.17,-0.65,1,9.50
p,36.19,5.57,5.31,-1.94,0,32.00
p,37.85,4.85,7.39,-3.96,0,32.00
p,40.06,2.85,11.68,-7.02,0,32.00
p,43.38,2.79,11.52,7.07,1,9.50
p,45.81,4.79,9.41,7.23,0,32.00
p,48.32,5.51,9.41,-1.29,0,32.00
p,50.70,5.26,9.95,-1.78,0,32.00
p,53.55,4.26,11.52,-4.21,0,32.00
p,56.86,2.49,14.88,-4.41,0,32.00
p,60.78,2.41,15.73,1.62,0,9.50
p,64.38,3.61,12.44,7.96,1,9.50
p,67.30,6.81,10.03,15.25,1,9.50
p,69.81,10.30,10.03,12.88,1,9.50
p,72.32,13.21,10.03,10.51,1,9.50
p,74.99,15.65,10.03,7.97,1,9.50
p,77.50,17.23,10.03,3.71,0,32.00
p,80.00,17.19,10.03,-3.87,0,32.00
p,82.52,15.56,10.03,-7.76,0,32.00
p,85.19,12.33,10.03,-15.17,1,9.50
p,87.71,8.20,10.03,-17.55,0,32.00
p,90.96,3.08,21.37,-9.82,1,9.50
p,97.09,2.79,23.26,0.50,1,9.50
p,102.94,2.60,24.67,-1.89,1,9.50
p,109.45,3.54,23.44,7.47,1,9.50
p,115.31,5.09,23.44,5.10,1,9.50
p,121.56,6.03,23.44,1.07,0,32.00
p,127.42,5.23,23.44,-6.93,0,32.00
p,133.68,2.74,23.44,-10.58,1,9.50
p,139.31,3.55,19.55,11.75,1,9.50
p,143.59,8.01,15.73,19.30,1,9.50
p,147.51,12.50,15.73,16.93,1,9.50
p,151.70,16.17,15.73,9.91,0,32.00
p,155.64,17.66,15.73,2.29,1,9.50
p,159.83,17.92,15.73,-0.23,1,9.50
p,163.77,17.54,15.73,-2.61,1,9.50
p,167.96,16.45,15.73,-6.27,0,32.00
p,172.15,14.23,15.73,-9.55,1,9.50
p,176.34,11.32,15.73,-12.09,1,9.50
p,180.54,7.74,15.73,-14.62,1,9.50
p,184.47,3.77,15.73,-16.99,1,9.50
p,188.65,3.31,15.97,-2.19,0,32.00
p,192.81,2.60,17.40,1.19,0,9.50
p,197.25,3.37,15.82,3.49,0,32.00
p,201.20,3.40,15.96,1.47,0,9.50
p,205.46,2.69,15.96,-6.68,0,32.00
p,209.68,2.50,16.21,3.48,0,32.00
p,213.68,3.60,12.88,7.75,1,9.50
p,217.15,6.75,12.86,12.61,1,9.50
p,220.37,9.58,12.86,10.23,1,9.50
p,223.80,11.96,12.86,7.69,1,9.50
p,227.23,12.90,12.86,-0.44,0,32.00
p,230.66,11.57,12.86,-8.99,0,32.00
p,234.09,7.96,12.86,-17.53,0,32.00
p,237.33,3.23,13.86,0.53,0,32.00
p,240.10,5.22,8.56,8.82,1,9.50
p,242.38,6.73,8.56,1.80,0,32.00
p,244.66,6.00,8.56,-6.72,0,32.00
p,247.47,3.89,11.55,-10.14,0,32.00
p,250.90,3.51,11.57,6.88,0,9.50
p,253.25,5.46,8.33,4.09,0,32.00
p,255.26,6.09,7.05,1.61,0,32.00
p,257.06,5.95,7.33,-2.07,0,32.00
p,259.18,4.76,8.14,-7.87,0,32.00
p,261.98,2.76,15.03,-4.10,0,32.00
p,265.40,4.07,10.99,9.73,0,9.50
p,268.08,5.76,10.74,3.15,0,32.00
p,270.77,5.80,10.74,-1.94,0,32.00
p,273.52,4.69,11.11,-7.88,0,32.00
p,277.24,2.84,16.86,-2.44,0,32.00
p,281.77,3.08,15.96,5.08,0,9.50
p,285.07,5.71,13.11,14.94,1,9.50
p,288.55,9.36,13.02,12.48,1,9.50
p,291.80,12.16,13.02,10.11,1,9.50
p,295.07,14.37,13.02,7.34,0,32.00
p,298.53,15.12,13.02,-1.16,0,32.00
p,301.79,13.83,13.02,-7.66,1,9.50
p,305.26,11.25,13.02,-12.81,0,32.00
p,308.74,6.62,13.02,-21.35,0,32.00
p,312.01,2.97,13.11,-1.06,0,32.00
p,315.49,3.32,13.12,0.77,1,9.50
p,318.84,3.19,15.95,-1.61,1,9.50
p,323.36,3.35,17.24,6.35,1,9.50
p,327.68,4.62,17.24,3.97,1,9.50
p,332.26,5.32,17.24,1.45,1,9.50
p,336.87,5.35,17.24,-1.09,1,9.50
p,341.20,4.75,17.24,-3.88,0,32.00
p,345.87,3.21,18.46,-4.20,0,32.00
p,350.71,2.70,19.75,0.12,0,32.00
p,355.66,4.15,17.26,10.65,0,9.50
p,359.62,7.95,15.71,15.29,1,9.50
p,363.55,11.46,15.71,12.91,1,9.50
p,367.73,14.54,15.71,10.38,1,9.50
p,371.66,16.82,15.71,8.00,1,9.50
p,375.59,18.50,15.71,5.63,1,9.50
p,379.77,19.64,15.71,3.09,1,9.50
p,383.71,20.10,15.71,0.72,1,9.50
p,387.89,19.93,15.71,-1.82,1,9.50
p,392.08,18.96,15.71,-6.60,0,32.00
p,396.01,16.24,15.71,-14.60,0,32.00
p,400.20,11.70,15.71,-18.26,1,9.50
p,404.13,6.82,15.71,-20.63,1,9.50
p,408.49,2.88,20.82,-1.58,0,32.00
p,413.53,3.66,19.60,2.99,0,32.00
p,418.44,3.54,19.77,-2.14,0,32.00
p,423.81,2.68,20.72,-1.05,0,32.00
p,429.18,3.71,18.43,8.90,0,9.50
p,433.61,7.66,16.13,15.89,1,9.50
p,437.64,11.32,16.13,13.52,1,9.50
p,441.68,14.38,16.13,11.14,1,9.50
p,445.98,16.99,16.13,8.61,1,9.50
p,450.28,18.93,16.13,6.08,1,9.50
p,454.58,20.19,16.13,3.54,1,9.50
p,458.89,20.78,16.13,1.01,1,9.50
p,463.19,20.69,16.13,-1.53,1,9.50
p,467.23,19.99,16.13,-3.90,1,9.50
p,471.26,18.69,16.13,-6.28,1,9.50
p,475.57,16.66,16.13,-8.81,1,9.50
p,479.60,14.14,16.13,-11.19,1,9.50
p,483.90,10.81,16.13,-13.72,1,9.50
p,488.21,6.78,16.13,-16.26,1,9.50
p,492.97,5.28,18.61,-3.26,0,32.00
p,497.93,3.21,18.61,-11.78,0,32.00
p,501.80,3.81,12.31,10.76,0,9.50
p,505.27,7.50,13.32,14.08,1,9.50
p,508.82,10.90,13.32,11.55,1,9.50
p,512.17,13.48,13.32,9.17,1,9.50
p,515.70,15.28,13.32,3.27,0,32.00
p,519.26,14.94,13.32,-5.27,0,32.00
p,522.81,12.32,13.32,-13.80,0,32.00
p,526.15,7.79,13.32,-21.82,0,32.00
p,529.70,3.01,13.41,0.58,1,9.50
p,533.27,2.94,13.42,-0.07,1,9.50
p,536.67,2.92,15.55,-0.11,1,9.50
p,541.54,3.35,18.57,4.13,1,9.50
p,546.49,4.10,18.57,1.60,1,9.50
p,551.14,3.53,18.57,-6.02,0,32.00
p,556.00,3.42,16.30,7.46,0,9.50
p,560.35,4.30,16.30,-0.70,0,32.00
p,564.42,3.07,17.43,-3.70,0,32.00
p,568.93,2.69,18.27,-0.49,0,32.00
p,573.49,4.05,15.46,9.47,1,9.50
p,577.19,7.93,13.34,15.03,1,9.50
p,580.73,11.57,13.34,12.51,1,9.50
p,584.07,14.38,13.34,10.13,1,9.50
p,587.62,16.72,13.34,7.60,1,9.50
p,591.19,18.39,13.34,5.06,1,9.50
p,594.75,19.38,13.34,2.52,1,9.50
p,598.07,19.70,13.34,0.15,1,9.50
p,601.63,19.03,13.34,-6.13,0,32.00
p,605.19,16.19,13.34,-14.66,0,32.00
p,608.52,11.46,13.34,-22.66,0,32.00
p,612.21,4.87,20.07,-19.60,0,32.00
p,617.70,5.73,17.24,15.64,1,9.50
p,622.29,9.54,17.24,13.11,1,9.50
p,626.61,12.50,17.24,10.73,1,9.50
p,630.92,14.87,17.24,8.36,1,9.50
p,635.52,16.74,17.24,5.82,1,9.50
p,640.11,17.93,17.24,3.29,1,9.50
p,644.71,18.45,17.24,0.76,1,9.50
p,649.31,18.29,17.24,-1.78,1,9.50
