p,29.02,7.08,0.00,0.00,1,9.50
p,29.02,6.77,0.00,-2.38,1,9.50
p,29.02,5.77,0.00,-4.91,1,9.50
p,29.21,5.56,1.14,-0.11,0,32.00
p,29.60,5.51,2.02,-0.29,0,32.00
p,30.22,5.42,2.73,-0.39,1,9.50
p,30.95,5.31,3.07,-0.56,1,9.50
p,31.78,5.16,3.68,-0.67,0,32.00
p,32.91,4.92,5.25,-1.10,0,32.00
p,34.44,4.57,6.95,-1.59,0,32.00
p,36.41,4.14,8.65,-1.73,0,32.00
p,38.77,3.74,10.08,-1.31,0,32.00
p,41.38,3.55,10.56,-0.35,1,9.50
p,44.01,3.69,10.58,1.25,1,9.50
p,46.63,4.43,8.99,3.80,1,9.50
p,48.79,5.29,8.04,3.63,1,9.50
p,50.70,6.10,7.42,2.68,1,9.50
p,52.48,6.66,6.94,1.71,1,9.50
p,54.18,6.94,6.65,0.92,1,9.50
p,55.82,7.03,6.58,0.03,1,9.50
p,57.50,6.87,6.99,-1.04,0,32.00
p,59.55,6.35,8.24,-3.71,0,32.00
p,62.10,5.23,10.16,-6.27,0,32.00
p,65.42,3.57,14.36,-6.07,0,32.00
p,69.75,2.69,17.09,-0.90,1,9.50
p,73.93,3.60,15.78,6.93,1,9.50
p,77.30,5.92,12.21,9.85,1,9.50
p,80.14,8.32,10.96,8.96,1,9.50
p,82.88,10.24,10.96,6.58,1,9.50
p,85.62,11.23,10.96,0.47,0,32.00
p,88.53,11.17,10.96,-2.23,0,32.00
p,91.65,10.00,11.99,-7.27,0,32.00
p,95.20,7.43,14.59,-12.02,0,32.00
p,99.32,3.90,18.91,-14.92,0,32.00
p,105.10,2.65,21.55,10.89,1,9.50
p,109.48,6.76,13.46,17.00,1,9.50
p,112.67,10.84,12.26,15.56,1,9.50
p,115.73,14.41,12.26,13.19,1,9.50
p,118.80,17.37,12.26,10.06,0,32.00
p,122.06,18.85,12.26,1.54,0,32.00
p,125.13,18.16,12.26,-6.47,0,32.00
p,128.19,15.48,12.26,-14.47,0,32.00
p,131.26,10.79,12.26,-22.48,0,32.00
p,135.64,5.33,22.69,-20.15,1,9.50
p,142.04,3.71,21.03,9.34,1,9.50
p,145.57,7.61,10.84,17.02,1,9.50
p,147.78,11.81,5.25,16.96,1,9.50
p,149.09,15.73,5.25,14.58,1,9.50
p,150.40,19.06,5.25,12.21,1,9.50
p,151.72,21.80,5.25,9.83,1,9.50
p,153.20,23.81,15.00,0.00,2,0.10
p,156.19,23.62,6.00,-1.54,1,9.50
p,157.69,22.70,6.00,-6.92,0,32.00
p,159.36,20.19,7.73,-1.33,0,32.00
p,161.41,19.84,8.78,-1.76,0,32.00
p,163.80,19.40,10.23,-1.45,0,32.00
p,166.45,19.34,10.65,0.92,1,9.50
p,168.70,20.32,8.29,4.19,1,9.50
p,170.77,21.05,8.29,1.81,1,9.50
p,172.98,21.17,8.29,-0.72,1,9.50
p,175.06,20.11,8.29,-7.97,0,32.00
p,177.13,17.05,8.29,-15.97,0,32.00
p,179.34,11.58,8.29,-24.51,0,32.00
p,182.13,6.62,17.75,-7.75,0,32.00
p,187.03,4.81,21.04,-6.88,0,32.00
p,192.65,3.27,23.73,-4.87,0,32.00
p,198.80,2.84,24.57,3.59,0,9.50
p,204.53,5.31,17.91,14.05,0,9.50
p,209.31,8.08,17.91,8.15,1,9.50
p,213.79,9.80,17.91,5.77,1,9.50
p,218.27,10.93,17.91,3.39,1,9.50
p,223.04,11.47,17.91,0.49,0,32.00
p,227.52,10.52,17.91,-7.51,0,32.00
p,232.00,7.58,17.91,-15.51,0,32.00
p,236.76,5.28,19.85,-5.55,0,32.00
p,241.88,4.19,20.49,-7.52,0,32.00
p,247.40,3.62,24.93,0.86,0,9.50
p,253.21,5.37,21.56,10.46,1,9.50
p,257.74,8.75,18.14,12.39,1,9.50
p,262.28,11.53,18.14,10.01,1,9.50
p,266.81,13.71,18.14,7.64,1,9.50
p,271.35,15.31,18.14,5.26,1,9.50
p,275.88,16.30,18.14,2.89,1,9.50
p,280.31,16.65,15.00,0.00,2,0.10
p,284.38,16.45,18.14,-1.70,1,9.50
p,288.91,15.71,18.14,-4.08,1,9.50
p,293.44,14.35,18.14,-7.20,0,32.00
p,297.98,11.49,18.14,-15.20,0,32.00
p,302.51,6.62,18.14,-23.20,0,32.00
p,307.86,2.22,27.03,-3.04,1,9.50
p,312.69,5.20,15.13,16.41,1,9.50
p,315.85,9.47,11.78,16.58,1,9.50
p,318.32,13.88,9.08,15.46,1,9.50
p,320.59,17.43,9.08,13.08,1,9.50
p,323.01,20.56,9.08,10.55,1,9.50
p,325.28,22.88,9.08,8.17,1,9.50
p,327.55,24.60,9.08,5.80,1,9.50
p,330.21,25.44,15.00,0.00,2,0.10
p,333.96,25.31,15.00,0.00,2,0.10
p,337.71,25.17,15.00,0.00,2,0.10
p,341.46,25.04,15.00,0.00,2,0.10
p,345.21,24.91,15.00,0.00,2,0.10
p,348.96,24.77,15.00,0.00,2,0.10
p,352.72,24.64,15.00,0.00,2,0.10
p,356.49,24.50,15.00,0.00,2,0.10
p,359.38,24.22,9.08,-2.09,1,9.50
p,361.65,23.38,9.08,-4.47,1,9.50
p,364.08,22.32,9.20,0.20,1,9.50
p,366.38,22.06,9.20,-2.17,1,9.50
p,368.75,21.71,9.59,-1.64,1,9.50
p,371.31,20.91,9.59,-4.17,1,9.50
p,373.71,19.55,9.59,-6.55,1,9.50
p,376.10,17.60,9.59,-8.92,1,9.50
p,378.50,15.05,9.59,-11.30,1,9.50
p,380.90,11.91,9.59,-13.67,1,9.50
p,383.36,7.65,16.54,-7.50,0,32.00
p,388.25,5.51,20.14,-7.51,0,32.00
p,393.68,3.70,23.04,-6.83,0,32.00
p,399.78,2.58,25.14,-1.74,0,32.00
p,405.85,3.38,21.34,10.83,1,9.50
p,410.51,6.66,17.91,12.95,1,9.50
p,415.29,9.75,17.91,10.41,1,9.50
p,419.77,12.03,17.91,7.65,0,32.00
p,424.54,12.93,17.91,-0.50,0,32.00
p,429.02,11.74,17.91,-8.50,0,32.00
p,433.50,9.12,17.91,-11.62,1,9.50
p,437.98,5.87,17.91,-14.75,0,32.00
p,442.85,4.77,20.06,-4.51,0,32.00
p,448.10,3.74,21.88,-2.84,0,32.00
p,453.64,3.83,21.82,4.57,0,9.50
p,458.70,5.72,19.79,7.49,1,9.50
p,463.86,7.64,19.34,6.01,1,9.50
p,468.69,8.82,19.34,3.64,1,9.50
p,473.85,9.43,19.34,1.10,1,9.50
p,478.35,9.40,15.00,0.00,2,0.10
p,482.10,9.27,15.00,0.00,2,0.10
p,486.29,9.09,19.34,-1.33,1,9.50
p,490.40,9.36,9.91,8.16,1,9.50
p,492.88,11.08,9.91,5.79,1,9.50
p,495.35,12.21,9.91,3.41,1,9.50
p,498.17,12.61,15.00,0.00,2,0.10
p,502.17,12.46,15.00,0.00,2,0.10
p,505.92,12.33,15.00,0.00,2,0.10
p,509.92,12.19,15.00,0.00,2,0.10
p,513.67,12.06,15.00,0.00,2,0.10
p,517.42,11.92,15.00,0.00,2,0.10
p,521.00,11.78,9.91,-1.07,0,32.00
p,522.55,11.89,2.44,2.50,1,9.50
p,522.96,12.36,0.96,1.01,0,9.50
p,523.04,12.44,-0.22,-0.24,1,9.50
p,522.81,12.19,-1.40,-1.66,1,9.50
p,522.30,11.59,-2.57,-3.05,1,9.50
p,521.45,10.56,-4.42,-6.07,0,32.00
p,521.63,10.78,8.60,10.91,0,9.50
p,523.45,12.87,5.93,6.21,0,9.50
p,524.78,14.16,4.24,3.76,0,9.50
p,525.68,14.95,2.99,2.74,1,9.50
p,526.40,15.38,2.27,1.48,1,9.50
p,527.88,16.15,15.00,0.00,2,0.10
p,531.44,16.68,15.00,0.00,2,0.10
p,533.09,16.40,6.00,-2.22,1,9.50
p,534.69,15.36,6.00,-6.62,0,32.00
p,536.87,13.53,10.08,-9.22,0,32.00
p,539.77,10.56,12.97,-14.27,0,32.00
p,543.85,6.12,17.89,-18.24,0,32.00
p,549.53,3.22,25.93,3.05,1,9.50
p,554.14,6.91,12.92,17.15,1,9.50
p,556.65,11.32,8.92,17.12,1,9.50
p,558.69,15.38,7.85,15.28,1,9.50
p,560.65,18.88,7.85,12.90,1,9.50
p,562.74,21.96,7.85,10.37,1,9.50
p,564.71,24.13,7.85,6.12,0,9.50
p,566.67,24.69,7.85,-1.51,0,32.00
p,568.63,23.25,7.85,-9.51,0,32.00
p,570.60,19.84,11.07,-1.42,0,32.00
p,573.47,19.43,11.66,-1.23,1,9.50
p,576.34,19.61,10.87,3.11,1,9.50
p,578.58,20.90,8.62,4.61,1,9.50
p,580.88,21.77,8.62,2.07,1,9.50
p,583.03,21.69,8.62,-3.67,0,32.00
p,585.19,19.71,8.62,-11.67,0,32.00
p,587.34,15.72,8.62,-19.67,0,32.00
p,589.50,9.83,8.62,-25.53,0,32.00
p,592.68,5.66,17.54,-6.66,1,9.50
p,597.21,4.09,18.72,-5.55,1,9.50
p,602.33,2.95,19.32,-4.68,1,9.50
p,607.50,2.60,23.62,3.46,1,9.50
p,612.75,4.71,17.27,13.55,1,9.50
p,617.05,7.80,17.19,11.27,1,9.50
p,621.63,10.45,17.19,8.74,1,9.50
p,625.93,12.32,17.19,6.36,1,9.50
p,630.52,13.66,17.19,3.83,1,9.50
p,634.82,14.26,17.19,0.33,0,32.00
p,639.11,13.28,17.19,-7.67,0,32.00
p,643.41,10.29,17.19,-15.67,0,32.00
p,647.75,5.48,21.23,-3.17,0,32.00
p,653.55,4.14,22.77,-4.12,0,32.00
p,659.49,3.79,24.67,3.28,0,9.50
p,665.20,5.79,21.42,10.47,1,9.50
p,670.54,7.71,21.36,4.10,0,32.00
p,675.88,7.67,21.36,-3.90,0,32.00
p,681.22,5.63,21.36,-11.90,0,32.00
p,686.63,2.81,22.38,2.21,0,9.50
p,692.03,5.19,17.30,13.48,1,9.50
p,695.96,8.70,15.04,13.65,1,9.50
p,699.97,11.98,15.04,11.11,1,9.50
p,703.73,14.44,15.04,8.74,1,9.50
p,707.49,16.31,15.04,6.36,1,9.50
p,711.50,17.65,15.04,3.83,1,9.50
p,715.26,18.21,15.00,0.00,2,0.10
p,719.01,18.08,15.00,0.00,2,0.10
p,723.01,17.94,15.00,0.00,2,0.10
p,726.76,17.81,15.00,0.00,2,0.10
p,730.51,17.67,15.00,0.00,2,0.10
p,734.52,17.51,15.04,-1.01,1,9.50
p,737.62,18.14,11.87,0.39,0,32.00
p,740.59,17.17,11.87,-7.61,0,32.00
p,744.07,14.45,13.67,-13.21,0,32.00
p,747.67,10.22,15.88,-19.36,0,32.00
p,752.38,4.97,22.28,-21.45,0,32.00
p,758.66,4.39,17.39,14.75,1,9.50
p,761.83,8.67,10.16,17.69,1,9.50
p,763.76,13.03,3.83,17.33,1,9.50
p,764.78,17.29,3.83,14.79,1,9.50
p,765.73,20.67,3.83,12.42,1,9.50
p,766.69,23.46,3.83,10.04,1,9.50
p,767.71,25.78,3.83,7.51,1,9.50
p,768.67,27.34,3.83,5.14,1,9.50
p,769.69,28.35,3.83,2.60,1,9.50
p,772.14,28.51,15.00,0.00,2,0.10
p,776.14,28.37,15.00,0.00,2,0.10
