p,17.33,8.83,0.00,0.00,1,9.50
p,17.33,8.47,0.00,-2.53,1,9.50
p,17.34,7.45,2.66,-2.36,1,9.50
p,18.11,6.63,3.17,-5.24,0,32.00
p,19.63,4.93,8.13,-8.60,0,32.00
p,22.74,2.57,15.43,-6.78,0,32.00
p,27.20,2.53,16.50,4.47,0,9.50
p,30.11,5.09,7.75,12.74,1,9.50
p,31.88,8.29,6.63,10.78,1,9.50
p,33.53,10.67,6.63,8.41,1,9.50
p,35.19,12.44,6.63,5.65,0,32.00
p,36.85,12.80,6.63,-1.97,1,9.50
p,38.62,11.89,6.63,-5.25,0,32.00
p,40.28,9.51,6.63,-13.25,0,32.00
p,41.94,5.48,6.63,-17.51,1,9.50
p,44.99,2.62,16.56,-5.89,0,32.00
p,49.38,2.56,17.21,4.03,0,9.50
p,52.55,4.90,7.93,13.02,1,9.50
p,54.26,7.99,6.73,11.28,1,9.50
p,56.05,10.63,6.73,8.74,1,9.50
p,57.73,12.50,6.73,6.37,1,9.50
p,59.52,13.84,6.73,3.84,1,9.50
p,61.21,14.49,6.73,1.46,1,9.50
p,62.89,14.53,6.73,-0.92,1,9.50
p,64.57,13.99,6.73,-3.29,1,9.50
p,66.25,12.85,6.73,-5.67,1,9.50
p,67.93,11.12,6.73,-8.04,1,9.50
p,69.61,8.78,6.73,-10.79,0,32.00
p,71.30,5.02,6.73,-18.79,0,32.00
p,75.23,2.58,18.29,-4.58,0,32.00
p,79.90,2.89,17.60,6.80,0,9.50
p,82.57,5.81,8.35,11.15,1,9.50
p,84.60,8.32,8.09,8.97,1,9.50
p,86.76,10.35,8.09,6.43,1,9.50
p,88.78,11.64,8.09,4.06,1,9.50
p,90.81,12.34,8.09,1.68,1,9.50
p,92.83,12.44,8.09,-0.69,1,9.50
p,94.85,11.95,8.09,-3.07,1,9.50
p,96.87,10.86,8.09,-5.82,0,32.00
p,99.03,8.10,8.09,-14.35,0,32.00
p,101.59,4.06,16.12,-13.27,0,32.00
p,106.75,2.60,22.19,0.67,0,9.50
p,111.32,4.89,10.52,17.45,0,9.50
p,113.63,8.93,9.08,14.70,1,9.50
p,115.90,12.29,9.08,12.33,1,9.50
p,118.17,14.71,9.08,6.20,0,32.00
p,120.59,15.16,9.08,-1.96,1,9.50
p,123.01,14.28,9.08,-4.49,1,9.50
p,125.28,12.84,9.08,-6.87,1,9.50
p,127.55,10.64,9.08,-11.87,0,32.00
p,129.97,6.92,9.08,-15.16,1,9.50
p,133.07,3.55,15.05,-13.55,0,32.00
p,138.06,2.67,20.87,1.37,0,9.50
p,142.26,5.43,9.63,15.83,1,9.50
p,143.90,9.41,6.29,14.90,1,9.50
p,145.47,12.81,6.29,12.52,1,9.50
p,147.05,15.63,6.29,10.15,1,9.50
p,148.62,17.85,6.29,7.77,1,9.50
p,150.19,19.48,6.29,5.40,1,9.50
p,151.76,20.38,6.29,0.77,0,32.00
p,153.33,19.85,6.29,-3.48,1,9.50
p,154.91,18.66,6.29,-5.85,1,9.50
p,156.48,16.88,6.29,-8.23,1,9.50
p,158.05,14.51,6.29,-10.60,1,9.50
p,159.62,11.53,6.29,-13.36,0,32.00
p,161.30,6.77,6.29,-21.89,0,32.00
p,164.65,2.84,21.27,-5.26,0,32.00
p,170.01,3.40,19.14,10.13,1,9.50
p,172.87,7.46,9.02,16.83,1,9.50
p,175.13,11.36,9.02,14.46,1,9.50
p,177.39,14.65,9.02,12.08,1,9.50
p,179.64,17.08,9.02,6.33,0,32.00
p,182.05,17.55,9.02,-2.20,0,32.00
p,184.30,16.59,9.02,-4.95,1,9.50
p,186.56,14.94,9.02,-9.20,0,32.00
p,188.97,11.28,9.02,-17.74,0,32.00
p,191.22,5.78,9.02,-25.53,0,32.00
p,195.37,2.81,21.26,-0.83,1,9.50
p,200.15,4.20,12.60,14.21,1,9.50
p,202.56,8.25,8.14,14.50,1,9.50
p,204.73,11.75,8.14,11.96,1,9.50
p,206.76,14.43,8.14,9.59,1,9.50
p,208.80,16.33,8.14,4.59,0,32.00
p,210.84,16.48,8.14,-1.92,1,9.50
p,212.87,15.68,8.14,-4.29,1,9.50
p,214.91,14.29,8.14,-6.67,1,9.50
p,217.08,11.40,8.14,-14.82,0,32.00
p,219.12,7.29,8.14,-17.58,0,32.00
p,222.55,2.92,20.69,-9.49,0,32.00
p,228.55,2.76,22.07,5.12,0,32.00
p,231.80,6.65,8.65,17.36,0,32.00
p,233.96,10.28,8.65,13.12,1,9.50
p,236.12,13.25,8.65,10.75,1,9.50
p,238.28,14.96,8.65,3.12,0,32.00
p,240.59,14.72,8.65,-3.16,1,9.50
p,242.75,13.61,8.65,-5.54,1,9.50
p,244.91,11.91,8.65,-7.91,1,9.50
p,247.22,9.44,8.65,-10.45,1,9.50
p,249.38,6.02,8.65,-17.32,0,32.00
p,253.12,2.68,21.39,-5.17,0,32.00
p,258.87,3.18,19.15,9.98,0,9.50
p,261.46,7.29,5.98,16.63,0,32.00
p,263.05,10.93,5.98,12.22,1,9.50
p,264.65,13.83,5.98,9.69,1,9.50
p,266.15,15.81,5.98,5.44,1,9.50
p,267.74,16.90,5.98,2.91,1,9.50
p,269.24,17.31,5.98,0.53,1,9.50
p,270.73,17.13,5.98,-1.84,1,9.50
p,272.23,16.35,5.98,-4.22,1,9.50
p,273.73,14.98,5.98,-6.59,1,9.50
p,275.22,13.02,5.98,-8.97,1,9.50
p,276.72,9.89,5.98,-16.22,0,32.00
p,278.64,5.33,16.27,-10.53,0,32.00
p,283.49,2.60,21.82,-3.08,0,32.00
p,288.70,3.70,15.80,14.21,0,9.50
p,291.06,8.26,6.05,16.68,1,9.50
p,292.57,12.11,6.05,14.31,1,9.50
p,294.08,15.37,6.05,11.93,1,9.50
p,295.69,18.19,6.05,9.40,1,9.50
p,297.20,20.23,6.05,7.02,1,9.50
p,298.71,21.66,6.05,4.65,1,9.50
p,300.23,22.28,6.05,-0.73,0,32.00
p,301.74,21.17,6.05,-6.48,1,9.50
p,303.25,19.23,6.05,-8.85,1,9.50
p,304.76,16.70,6.05,-11.23,1,9.50
p,306.27,13.58,6.05,-13.60,1,9.50
p,307.88,9.36,6.05,-19.13,0,32.00
p,310.10,4.31,16.94,-14.74,0,32.00
p,315.46,2.56,23.16,0.15,1,9.50
